qe = 1.60217662e-19;
me = 9.10938356e-31;
a0 = 5.29177e-11;
R0 = 13.605693122994;
c0 = 2.99792458e8;
E0 = 11.82807116;
mc2 = me * c0 * c0 / qe;